-2 -2 0.4 
-2.0131 -2.05763 0.796517 
-2.0262 -2.11525 1.19303 
-2.03929 -2.17288 1.58955 
-2.05239 -2.23051 1.98607 
-2.06549 -2.28814 2.38259 
-2.07859 -2.34576 2.7791 
-2.09168 -2.40339 -3.10756 
-1.67367 -2.41904 -3.0282 
-1.25565 -2.43469 -2.94883 
-0.837635 -2.45034 -2.86946 
-0.419618 -2.466 -2.7901 
-0.00160133 -2.48165 -2.71073 
0.416415 -2.4973 -2.63137 
0.834432 -2.51295 -2.552 
0.919981 -2.1732 -2.39983 
1.00553 -1.83344 -2.24766 
1.09108 -1.49369 -2.09549 
1.17663 -1.15393 -1.94332 
1.26218 -0.814178 -1.79115 
1.34773 -0.474424 -1.63898 
1.43328 -0.13467 -1.48681 
1.51882 0.205085 -1.33464 
1.60437 0.544839 -1.18247 
1.68992 0.884593 -1.0303 
1.8066 0.789107 -1.34314 
1.92328 0.69362 -1.65597 
2.03996 0.598133 -1.96881 
2.15664 0.502647 -2.28164 
2.27331 0.40716 -2.59448 
2.38999 0.311674 -2.90731 
2.50667 0.216187 3.06304 
2.62335 0.120701 2.75021 
2.74003 0.0252141 2.43737 
2.8567 -0.0702725 2.12454 
2.49215 -0.0379308 1.99336 
2.12759 -0.00558902 1.86218 
1.76303 0.0267527 1.731 
1.39848 0.0590945 1.59982 
1.03392 0.0914362 1.46864 
0.669366 0.123778 1.33746 
0.304809 0.15612 1.20628 
-0.059747 0.188461 1.0751 
-0.228547 0.44188 0.899005 
-0.397347 0.695298 0.722913 
-0.566148 0.948717 0.54682 
-0.734948 1.20214 0.370727 
-1.15663 1.46809 0.513818 
-1.57832 1.73405 0.656909 
-2 2 0.8 

