SE2
-0.9 -0.9 0 
-1.13791 -0.884967 -0.101818 
-1.10306 -0.995567 -0.412102 
-1.06822 -1.10617 -0.722387 
-1.03338 -1.21677 -1.03267 
-0.998539 -1.32737 -1.34296 
-0.963698 -1.43797 -1.65324 
-0.928856 -1.54857 -1.96352 
-0.894015 -1.65917 -2.27381 
-0.859173 -1.76977 -2.58409 
-0.824332 -1.88037 -2.89438 
-0.828064 -1.64039 -3.05084 
-0.831796 -1.40041 3.07589 
-0.835528 -1.16044 2.91943 
-0.839261 -0.920461 2.76297 
-0.842993 -0.680485 2.60651 
-0.846725 -0.440508 2.45005 
-0.850457 -0.200532 2.29359 
-0.85419 0.0394444 2.13713 
-0.857922 0.279421 1.98067 
-0.861654 0.519397 1.82421 
-0.865386 0.759374 1.66775 
-0.869119 0.99935 1.51129 
-0.872851 1.23933 1.35483 
-0.876583 1.4793 1.19838 
-0.880315 1.71928 1.04192 
-0.884047 1.95926 0.885457 
-0.863807 1.72435 0.71952 
-0.843566 1.48944 0.553583 
-0.823325 1.25453 0.387647 
-0.803084 1.01962 0.22171 
-0.782843 0.784705 0.0557735 
-0.762602 0.549795 -0.110163 
-0.508046 0.548374 -0.286383 
-0.25349 0.546954 -0.462603 
0.00106646 0.545533 -0.638822 
0.255623 0.544112 -0.815042 
0.510179 0.542692 -0.991262 
0.764735 0.541271 -1.16748 
1.01929 0.53985 -1.3437 
1.27385 0.53843 -1.51992 
1.5284 0.537009 -1.69614 
1.51954 0.649094 -1.42189 
1.51067 0.761179 -1.14763 
1.50181 0.873265 -0.873378 
1.49294 0.98535 -0.599124 
1.48407 1.09744 -0.32487 
1.47521 1.20952 -0.0506156 
1.46634 1.32161 0.223639 
0.9 0.9 0 

