-2 -2 
-2.22825 -2.00264 
-2.4565 -2.00528 
-2.1483 -2.01402 
-1.8401 -2.02276 
-1.5319 -2.03149 
-1.2237 -2.04023 
-0.915504 -2.04897 
-0.607305 -2.05771 
-0.299106 -2.06645 
0.00909259 -2.07519 
0.317292 -2.08393 
0.625491 -2.09267 
0.933689 -2.10141 
1.24189 -2.11015 
1.55009 -2.11889 
1.85829 -2.12763 
1.68362 -1.8968 
1.50896 -1.66597 
1.3343 -1.43514 
1.15963 -1.20431 
0.984968 -0.973477 
0.810304 -0.742647 
0.63564 -0.511817 
0.460977 -0.280988 
0.286313 -0.0501577 
0.111649 0.180672 
-0.0630146 0.411502 
-0.237678 0.642332 
-0.412342 0.873161 
-0.587006 1.10399 
-0.76167 1.33482 
-0.923911 1.05976 
-1.08615 0.784707 
-1.24839 0.50965 
-1.41063 0.234593 
-1.57288 -0.0404642 
-1.29804 0.116495 
-1.0232 0.273453 
-0.748366 0.430412 
-0.473529 0.587371 
-0.198693 0.74433 
0.0761438 0.901289 
0.35098 1.05825 
0.625817 1.21521 
0.900654 1.37216 
1.17549 1.52912 
1.45033 1.68608 
1.72516 1.84304 
2 2 

